0,540
126,12
126,11
126,10
0,8
0,391
0,458
0,456
295,3
304,1
304,3
0,491
327,3
279,3
0,455
0,551
292,3
298,3
0,454
288,1
288,3
282,3
0,359
301,3
303,3
317,3
291,3
0,2
286,3
0,453
0,344
289,3
293,3
0,452
0,320
0,451
14,23
0,450
0,362
14,24
0,278
0,339
0,276
0,349
0,275
0,9
0,375
0,10
0,449
0,419
0,12
0,557
0,11
0,271
0,426
0,436
14,12
0,448
0,383
319,1
0,498
320,3
0,560
0,547
0,574
0,573
0,382
0,545
0,381
0,376
0,446
0,319
290,3
0,400
0,334
305,1
305,3
0,392
0,544
0,333
0,443
0,541
297,3
0,318
0,442
0,371
275,1
0,307
0,304
0,571
0,306
0,330
0,539
0,303
0,285
0,535
0,297
0,329
300,1
300,3
0,441
0,367
294,3
0,569
0,363
0,328
296,3
0,368
0,348
0,562
0,327
0,326
0,531
0,284
0,365
323,3
0,347
0,416
0,549
0,325
0,561
0,412
0,4
0,5
0,399
0,457
13,7
0,496
0,301
478,25
478,14
478,7
478,6
478,23
483,3
481,3
480,4
480,3
481,5
479,22
479,21
479,18
479,17
479,15
479,11
479,10
479,8
479,5
0,323
0,338
477,0
0,418
0,460
0,361
0,358
477,162
478,22
478,11
478,24
478,4
479,19
0,357
0,356
14,17
465,2
464,6
465,4
0,289
465,3
464,3
464,10
464,9
464,5
0,355
0,294
0,538
0,512
477,31
477,30
477,29
477,28
477,27
477,26
477,25
477,24
477,23
477,22
477,21
477,20
477,19
479,12
472,3
473,3
477,78
477,77
484,3
484,4
485,3
477,41
477,44
477,4
477,156
477,72
477,71
477,70
477,69
477,68
477,67
477,66
477,65
477,32
477,18
477,17
477,140
477,139
477,137
477,136
477,13
477,12
477,11
477,10
477,9
477,3
477,84
477,8
477,5
397,33
397,24
397,6
398,9
397,22
398,132
399,4
400,3
400,4
402,3
398,28
397,7
397,20
397,5
397,27
397,30
398,135
397,21
397,3
397,9
398,30
398,38
398,8
398,5
398,1
396,0
0,299
14,25
0,291
13,6
621,2
620,6
621,4
0,467
621,3
620,10
620,9
0,353
0,366
0,352
396,222
396,221
396,220
396,219
396,218
396,217
396,216
396,215
396,214
396,213
396,212
396,211
397,8
397,29
397,4
398,10
398,3
599,35
599,2
599,0
618,3
620,3
620,5
620,4
391,116
391,115
391,114
391,113
391,112
391,111
391,110
391,109
391,108
391,107
391,106
391,105
391,104
391,103
391,102
391,101
391,100
391,99
391,98
391,97
391,96
391,95
391,94
391,93
391,92
391,91
391,90
391,89
391,88
391,87
391,86
391,85
391,84
391,83
391,82
391,81
391,80
391,79
391,78
391,77
391,76
391,75
391,74
391,73
391,72
391,71
391,70
391,69
391,68
391,67
391,66
391,65
391,64
391,35
391,34
391,33
391,32
391,31
391,30
391,29
391,28
391,27
391,26
391,25
391,24
391,23
391,22
391,21
391,20
391,19
391,18
391,17
391,16
391,15
391,14
391,13
391,12
391,11
391,10
391,9
391,8
391,7
391,6
391,5
391,4
391,3
392,3
396,4
396,199
396,251
396,66
396,65
396,9
396,116
396,3
396,106
396,105
396,5
0,423
0,282
0,266
0,277
0,265
0,264
0,263
0,262
0,261
0,260
0,259
0,258
0,257
0,256
0,255
0,254
0,253
0,252
0,251
0,250
0,249
0,248
0,247
0,246
0,245
0,244
0,242
0,241
0,240
0,239
0,238
0,237
0,236
0,235
0,234
0,233
0,232
0,231
0,230
0,229
0,228
0,227
0,226
0,225
0,224
0,223
0,222
0,221
0,220
0,219
0,218
0,217
0,216
0,215
0,214
0,213
0,212
0,211
0,210
0,209
0,208
0,207
0,206
0,205
0,204
0,203
0,202
0,201
0,200
0,199
0,198
0,296
0,63
0,62
0,55
0,54
0,52
0,49
0,48
0,283
0,432
599,34
599,33
599,32
599,31
599,30
599,29
599,28
599,27
599,26
599,25
599,24
599,23
599,22
599,21
599,20
599,19
599,18
599,17
599,16
599,15
599,14
599,13
599,12
599,11
599,10
599,9
599,8
599,7
599,6
599,5
599,4
599,3
0,315
178,14
178,5
178,4
178,12
178,3
0,313
176,4
171,23
171,22
171,21
171,20
171,19
171,18
171,17
171,16
171,15
171,14
171,13
171,12
171,11
171,10
171,9
171,8
171,7
171,6
171,5
171,4
171,3
172,3
176,88
176,8
176,10
176,7
176,3
176,5
0,495
0,197
0,312
543,6146
543,6093
543,6092
552,3
552,4
553,3
543,5078
543,6168
543,6145
543,6656
543,6084
543,17
543,16
543,7427
543,7425
543,7424
543,14
543,13
543,12
543,11
543,10
543,9
543,8
0,196
0,195
0,396
0,194
0,435
0,193
0,558
0,192
0,556
0,528
0,523
0,61
0,302
0,60
0,317
0,59
0,514
0,58
0,513
0,57
0,311
14,1
14,3
0,56
0,310
13,8
609,137
609,136
609,135
616,3
616,4
617,3
609,4
609,134
609,128
609,8
609,3
609,10
609,7
609,5
526,425
526,424
526,423
526,422
526,421
526,420
526,419
526,418
526,417
526,416
526,415
526,414
526,413
526,412
526,411
526,410
526,409
526,408
526,407
526,406
526,405
526,404
526,403
526,402
526,401
526,400
526,399
526,398
526,397
526,396
526,395
526,394
526,393
526,392
526,391
526,390
526,389
526,388
526,387
526,386
526,385
526,384
526,383
526,382
526,381
526,380
526,379
526,378
526,377
526,376
526,375
526,374
526,373
526,372
526,371
526,370
526,369
526,368
526,367
526,366
526,365
526,364
526,363
526,362
526,361
526,360
526,359
526,358
526,357
526,356
526,355
526,354
526,353
526,352
526,351
526,350
526,349
526,348
526,347
526,346
526,345
526,344
526,343
526,342
526,341
526,340
526,339
526,338
526,337
526,336
526,335
526,334
526,333
526,332
526,331
526,330
526,329
526,328
526,327
526,326
526,325
526,324
526,323
526,322
526,321
526,320
526,319
526,318
526,317
526,316
526,315
526,314
526,313
526,312
526,311
526,310
526,309
526,308
526,307
526,306
526,305
526,304
526,303
526,302
526,301
526,300
526,299
526,298
526,297
526,296
526,295
526,294
526,293
526,292
526,291
526,290
526,289
526,288
526,287
526,286
526,285
526,284
526,283
526,282
526,281
526,280
526,279
526,278
526,277
526,276
526,275
526,274
526,273
526,272
526,271
526,270
526,269
526,268
526,267
526,266
526,265
526,264
526,263
526,262
526,261
526,260
526,259
526,258
526,257
526,256
526,255
526,254
526,253
526,252
526,251
526,250
526,249
526,248
526,247
526,246
526,245
526,244
526,243
526,242
526,241
526,240
526,239
526,238
526,237
526,236
526,235
526,234
526,233
526,232
526,231
526,230
526,229
526,228
526,227
526,226
526,225
526,224
526,223
526,222
526,221
526,220
526,219
526,218
526,217
526,216
526,215
526,214
526,213
526,212
526,211
526,210
526,209
526,208
526,207
526,206
526,205
526,204
526,203
526,202
526,201
526,200
526,199
526,198
526,197
526,196
526,195
526,194
526,193
526,192
526,191
526,190
526,189
526,188
526,187
526,186
526,185
526,184
526,183
526,182
526,181
526,180
526,179
526,178
526,177
526,176
526,175
526,174
526,173
526,172
526,171
526,170
526,169
526,168
526,167
526,166
526,165
526,164
526,163
526,162
526,161
526,160
526,159
526,158
526,157
526,156
526,155
526,154
526,153
526,152
526,151
526,150
526,149
526,148
526,147
526,146
526,145
526,144
526,143
526,142
526,141
526,140
526,139
526,138
526,137
526,136
526,135
526,134
526,133
526,132
526,131
526,130
526,129
526,128
526,127
526,126
526,125
526,124
526,123
526,122
526,121
526,120
526,119
526,118
526,117
526,116
526,115
526,114
526,113
526,112
526,111
526,110
526,109
526,108
526,107
526,106
526,105
526,104
526,103
526,102
526,101
526,100
526,99
526,98
526,97
526,96
526,95
526,94
526,93
526,92
526,91
526,90
526,89
526,88
526,87
526,86
526,85
526,84
526,83
526,82
526,81
526,80
526,79
526,78
526,77
526,76
526,75
526,74
526,73
526,72
526,71
526,70
526,69
526,68
526,67
526,66
526,65
526,64
526,35
526,34
526,33
526,32
526,31
526,30
526,29
526,28
526,27
526,26
526,25
526,24
526,23
526,22
526,21
526,20
526,19
526,18
526,17
526,16
526,15
526,14
526,13
526,12
526,11
526,10
526,9
526,8
526,7
526,6
526,5
526,4
526,3
527,3
329,3
328,3
326,3
325,3
324,3
322,3
321,28
321,27
321,26
321,25
321,24
321,23
321,22
321,21
321,20
321,19
321,18
321,17
321,16
321,15
321,14
321,13
321,12
321,11
321,10
321,9
321,8
321,3
319,125
319,119
319,115
319,15
319,149
319,148
319,147
319,11
319,10
319,9
319,8
319,64
319,3
318,5
318,4
318,3
316,3
315,3
314,3
313,3
312,3
311,5
311,4
311,3
310,3
309,3
308,3
307,3
306,3
302,3
300,6
300,5
299,3
298,8
298,7
298,6
298,5
298,4
290,4
287,3
285,3
284,3
283,25
283,24
283,23
283,22
283,21
283,20
283,19
283,18
283,17
283,16
283,15
283,14
283,13
283,12
283,11
283,10
283,9
283,8
283,7
283,6
283,5
283,3
281,3
280,7
280,6
280,5
280,4
280,27
280,26
280,25
280,24
280,23
280,22
280,21
280,20
280,19
280,18
280,17
280,16
280,15
280,14
280,13
280,12
280,3
278,3
277,3
276,4
275,13
275,12
275,3
543,2800
543,2228
0,550
0,1
0,350
0,517
0,0
0,53
543,175
544,22
544,8
544,7
544,6
545,9
0,51
0,293
0,50
0,552
543,6657
0,47
0,46
543,7691
543,5
544,10
544,4
545,10
543,6
543,19
543,6285
0,45
0,6
0,431
543,6144
0,268
0,267
0,308
543,7
543,170
543,21
543,178
543,182
543,3
543,5206
543,187
543,4
543,6699
543,6698
543,6697
543,6696
543,6695
543,6694
543,6693
543,6692
543,6691
543,6690
543,6689
543,6688
543,6687
543,6686
543,6685
543,6684
543,6683
543,6682
543,6681
543,6680
543,6679
543,6678
543,6677
543,6676
543,6675
543,6674
543,6673
543,6672
543,6671
543,6670
543,6669
543,6668
543,6667
543,6666
543,6665
543,6664
543,6663
543,6662
543,6661
543,6660
543,6659
543,6658
543,6344
543,6343
543,6342
543,6341
543,6340
543,6335
543,6334
543,6333
543,6332
543,6331
543,6330
543,6329
543,6328
543,6591
543,6590
543,6589
543,6588
543,6587
543,6586
543,6585
543,6584
543,6583
543,6582
543,6581
543,6580
543,6579
543,6578
543,6577
543,6576
543,6575
543,6574
543,6573
543,6572
543,6571
543,6570
543,6569
543,6568
543,6567
543,6566
543,6565
543,6563
543,6562
543,6561
543,6560
543,6559
543,6558
543,6557
543,6556
543,6555
543,6542
543,6540
543,6520
543,6516
543,6507
543,6495
543,6494
543,6487
543,6486
543,6485
543,6480
543,6475
543,6474
543,7807
543,7765
543,7764
543,7763
543,7762
543,7761
543,7760
543,7759
543,7758
543,7757
543,7756
543,7755
543,7754
543,7753
543,7752
543,7751
543,7750
543,7749
543,7748
543,7747
543,7746
543,7745
543,7744
543,6554
543,6553
543,6552
543,6551
543,6550
543,6549
543,6548
543,6547
543,6546
543,6545
543,6544
543,6543
543,6541
543,6539
543,6538
543,6537
543,6536
543,6535
543,6534
543,6533
543,6532
543,6531
543,6530
543,6529
543,6527
543,6526
543,6525
543,6524
543,6523
543,6522
543,6521
543,6519
543,6518
543,6517
543,6515
543,6514
543,6513
543,6512
543,6511
543,6510
543,6509
543,6508
543,6506
543,6505
543,6504
543,6503
543,6502
543,6501
543,6500
543,6499
543,6498
543,6497
543,6496
543,6493
543,6492
543,6491
543,6490
543,6489
543,6488
543,6484
543,6483
543,6482
543,6481
543,6479
543,6478
543,6477
543,6476
543,7384
543,7383
543,7382
543,7381
543,7380
543,7379
543,7378
543,7377
543,7376
543,7375
543,7374
543,7373
543,7372
543,7371
543,7370
543,7369
543,7368
543,7367
543,7366
543,7365
543,7364
543,7363
543,7362
543,7361
543,7360
543,7551
543,7550
543,7549
543,7548
543,7547
543,7546
543,7545
543,7544
543,7543
543,7542
543,7541
543,7540
543,7539
543,7538
543,7537
543,7536
543,7535
543,7534
543,7533
543,7532
543,7531
543,7530
543,7529
543,7528
543,7527
543,7526
543,7525
543,7524
543,7523
543,7522
543,7521
543,7520
543,7519
543,7518
543,7517
543,7516
543,7515
543,7514
543,7513
543,7512
543,7511
543,7510
543,7509
543,7508
543,7507
543,7506
543,7505
543,7504
543,7503
543,7502
543,7501
543,7500
543,7499
543,7497
543,7496
543,7490
543,7489
543,7488
543,6448
543,6447
543,6446
543,6445
543,6444
543,6443
543,6442
543,6441
543,6440
543,6439
543,6438
543,6437
543,6436
543,6435
543,6434
543,6433
543,6432
543,6431
543,6430
543,6429
543,6428
543,6427
543,6426
543,6425
543,6424
543,6423
543,6422
543,6421
543,6420
543,6419
543,6418
543,6417
543,6416
543,6415
543,6414
543,6412
543,6411
543,6410
543,6409
543,6408
543,6407
543,6406
543,7252
543,7294
543,7293
543,7251
543,7250
543,7249
543,7248
543,7247
543,7246
543,7245
543,7244
543,7243
543,7242
543,7241
543,7240
543,7239
543,7238
543,7236
543,7235
543,7234
543,7233
543,6112
543,6111
543,6110
543,6109
543,6108
543,6107
543,6106
543,6105
543,6104
543,6103
543,6102
543,6101
543,6100
543,6099
543,6098
543,6097
543,6096
543,6095
543,7127
543,7126
543,7125
543,7124
543,7123
543,7122
543,7121
543,7120
543,7119
543,7117
543,7116
543,7115
543,7114
543,7113
543,7112
543,7111
543,7110
543,7109
543,7108
543,7107
543,7106
543,7105
543,7104
543,7176
543,7175
543,7174
543,7173
543,7172
543,7171
543,7170
543,7169
543,7168
543,6930
543,6929
543,6928
543,6927
543,6926
543,6925
543,6924
543,6923
543,6922
543,6921
543,6920
543,6919
543,6918
543,6917
543,6916
543,6915
543,6914
543,6913
543,6912
543,6783
543,6782
543,6781
543,6780
543,6779
543,6778
543,6777
543,6776
543,6775
543,6774
543,6773
543,6772
543,6771
543,6770
543,6769
543,6767
543,6766
543,6765
543,6764
543,6763
543,6762
543,6761
543,6760
543,6759
543,6758
543,6757
543,6756
543,6755
543,6754
543,6753
543,6752
543,6751
543,6750
543,6749
543,6748
543,6747
543,6746
543,6745
543,6744
543,6743
543,6742
543,6741
543,6740
543,6739
543,6738
543,6737
543,6736
543,6735
543,6734
543,6733
543,6732
543,6731
543,6730
543,6729
543,6728
543,6726
543,6725
543,6720
543,6876
543,6875
543,6874
543,6873
543,6872
543,6871
543,6870
543,6869
543,6868
543,6867
543,6866
543,6865
543,6864
543,6862
543,6861
543,6860
543,6859
543,6858
543,6857
543,6856
543,6855
543,6854
543,6853
543,6852
543,6851
543,6850
543,6849
543,6848
543,7008
543,7007
543,7006
543,7005
543,7004
543,7003
543,7002
543,7001
543,7000
543,6999
543,6998
543,6997
543,6996
543,6995
543,6993
543,6992
543,6991
543,6990
543,6988
543,6987
543,6986
543,6985
543,6984
543,6983
543,6982
543,6980
543,6979
543,6978
543,6977
543,6976
543,6339
543,6338
543,6337
543,6473
543,6472
543,6471
543,6470
543,6469
543,6468
543,6467
543,6466
543,6465
543,6464
543,6528
543,6402
543,6401
543,6400
543,6327
543,6326
543,6325
543,6324
543,6323
543,6322
543,6321
543,6320
543,6319
543,6318
543,6317
543,6316
543,6315
543,6314
543,6313
543,6312
543,6311
543,6310
543,6309
543,6308
543,6307
543,6306
543,6305
543,6304
543,6303
543,6302
543,6301
543,6300
543,6299
543,6298
543,6297
543,6296
543,6295
543,6294
543,6293
543,6292
543,6291
543,6290
543,6289
543,6288
543,6287
543,6286
543,6284
543,6283
543,6282
543,6281
543,6280
543,6279
543,6278
543,6277
543,6276
543,6275
543,6274
543,6273
543,6272
543,6207
543,6206
543,6205
543,6204
543,6203
543,6202
543,6201
543,6200
543,6199
543,6198
543,6197
543,6196
543,6195
543,6194
543,6193
543,6192
543,6191
543,6190
543,6189
543,6188
543,6187
543,6186
543,6185
543,6184
543,6183
543,6182
